P: 204.77588726655; M: 0.17889687361148 Time: 137.49697899818
P: -8.3152367453796; M: 0.17866722978119 Time: 3095.1565520763
